[gd_scene load_steps=6 format=3 uid="uid://cyvnvwpwp5vxr"]

[ext_resource type="Script" path="res://GTweensGodot/Godot/Examples/Scripts/Camera3DExample.cs" id="1_46l4o"]

[sub_resource type="StandardMaterial3D" id="StandardMaterial3D_6j2xr"]
transparency = 1
albedo_color = Color(0.333333, 0.486275, 1, 1)
roughness = 0.0

[sub_resource type="StandardMaterial3D" id="StandardMaterial3D_wbdrq"]
albedo_color = Color(0.160784, 0.160784, 0.160784, 1)

[sub_resource type="Environment" id="Environment_4gk0i"]
background_mode = 1
background_color = Color(0.156863, 0.156863, 0.156863, 1)
ambient_light_source = 2
ambient_light_color = Color(1, 1, 1, 1)
ambient_light_energy = 0.5
fog_enabled = true
fog_light_energy = 2.0

[sub_resource type="CameraAttributesPractical" id="CameraAttributesPractical_13f0n"]

[node name="Camera3DExampleScene" type="Node3D"]

[node name="Example" type="Node" parent="."]
script = ExtResource("1_46l4o")
Target = Object(Camera3D,"_import_path":NodePath(""),"unique_name_in_owner":false,"process_mode":0,"process_priority":0,"process_physics_priority":0,"process_thread_group":0,"editor_description":"","transform":Transform3D(0.835807, -0.197646, 0.512213, 0, 0.932954, 0.359997, -0.549023, -0.300888, 0.779769, 3.619, 2.894, 5.146),"rotation_edit_mode":0,"rotation_order":2,"top_level":false,"visible":true,"visibility_parent":NodePath(""),"keep_aspect":1,"cull_mask":1048575,"environment":null,"attributes":null,"h_offset":0.0,"v_offset":0.0,"doppler_tracking":0,"projection":0,"current":false,"fov":60.0,"size":1.0,"frustum_offset":Vector2(0, 0),"near":0.05,"far":4000.0,"script":null)


[node name="CSGBox3D" type="CSGBox3D" parent="."]
material_override = SubResource("StandardMaterial3D_6j2xr")
gi_mode = 2

[node name="Plane" type="CSGBox3D" parent="."]
transform = Transform3D(1, 0, 0, 0, 1, 0, 0, 0, 1, 0, -0.622862, 0)
gi_mode = 2
size = Vector3(3.44605, 0.192549, 3.69502)
material = SubResource("StandardMaterial3D_wbdrq")

[node name="Wall" type="CSGBox3D" parent="."]
transform = Transform3D(1, 0, 0, 0, 1, 0, 0, 0, 1, 0, 0.917214, -1.90393)
gi_mode = 2
size = Vector3(3.44605, 3.27377, 0.182729)
material = SubResource("StandardMaterial3D_wbdrq")

[node name="Camera3D" type="Camera3D" parent="."]
transform = Transform3D(0.835807, -0.197646, 0.512213, 0, 0.932954, 0.359997, -0.549023, -0.300888, 0.779769, 3.619, 2.894, 5.146)
fov = 60.0

[node name="WorldEnvironment" type="WorldEnvironment" parent="."]
environment = SubResource("Environment_4gk0i")
camera_attributes = SubResource("CameraAttributesPractical_13f0n")

[node name="DirectionalLight3D" type="DirectionalLight3D" parent="WorldEnvironment"]
transform = Transform3D(1, 0, 0, 0, 0.6333, 0.773907, 0, -0.773907, 0.6333, 0, 0, 0)
shadow_enabled = true
